3.749111890792846680e+00 1.533248186111450195e+00
1.501324772834777832e+00 -4.902845025062561035e-01
8.026142418384552002e-02 3.108566999435424805e+00
1.598609089851379395e+00 -1.712892651557922363e-01
-7.082940578460693359e+00 2.771281957626342773e+00
3.240111589431762695e+00 8.796805143356323242e-01
1.085490211844444275e-01 -1.470677137374877930e+00
-9.797006845474243164e-01 2.610004663467407227e+00
-5.431582450866699219e+00 -9.411805868148803711e-01
-2.347681045532226562e+00 -1.366518020629882812e+00
1.296622037887573242e+00 1.680375576019287109e+00
-2.142685055732727051e-01 3.531667232513427734e+00
-4.550520896911621094e+00 -1.054828524589538574e+00
-2.266450166702270508e+00 1.192072153091430664e+00
3.124230623245239258e+00 2.499362468719482422e+00
1.101977348327636719e+00 1.029202222824096680e+00
2.403333902359008789e+00 1.944118142127990723e+00
-6.890115737915039062e+00 2.040349245071411133e+00
4.322559356689453125e+00 1.781357049942016602e+00
-2.825627565383911133e+00 -1.446075677871704102e+00
-6.765934944152832031e+00 2.133065700531005859e+00
-8.011544227600097656e+00 2.667703390121459961e+00
1.570697307586669922e+00 1.362478286027908325e-01
1.003870964050292969e+00 2.124580621719360352e+00
-1.225814938545227051e+00 1.235051512718200684e+00
-1.844414472579956055e+00 1.345684051513671875e+00
-3.535393953323364258e+00 -2.398670911788940430e+00
-3.836794793605804443e-01 4.144460201263427734e+00
-2.270625829696655273e+00 3.064463734626770020e-01
3.542267084121704102e-01 3.246628522872924805e+00
-2.424157857894897461e+00 -2.287669658660888672e+00
-7.598348259925842285e-01 -3.898934364318847656e+00
-4.515750408172607422e+00 9.257901906967163086e-01
-2.588927268981933594e+00 -1.910634517669677734e+00
3.686859369277954102e+00 2.477769374847412109e+00
3.719888925552368164e+00 2.134502649307250977e+00
-1.513860225677490234e+00 -2.476465225219726562e+00
-1.686376571655273438e+00 2.003751039505004883e+00
1.168827414512634277e+00 1.379242658615112305e+00
2.739496707916259766e+00 2.102571487426757812e+00
-2.317230403423309326e-01 -2.174478530883789062e+00
-1.494380354881286621e+00 -2.166522026062011719e+00
-5.094807147979736328e+00 -1.204648137092590332e+00
-8.530873060226440430e-01 4.223312377929687500e+00
-4.884192466735839844e+00 2.475959300994873047e+00
-7.993958473205566406e+00 2.592546939849853516e+00
-7.758677005767822266e+00 2.783736705780029297e+00
-2.795699357986450195e+00 -3.036873340606689453e+00
4.159399509429931641e+00 1.569261193275451660e+00
4.095407128334045410e-01 5.094074606895446777e-01
7.648122906684875488e-01 1.290957808494567871e+00
-4.209091663360595703e+00 1.529018402099609375e+00
-8.202146530151367188e+00 2.528788566589355469e+00
-1.724550366401672363e+00 -1.093473196029663086e+00
-1.195682406425476074e+00 1.701514720916748047e+00
-6.044303417205810547e+00 3.030654907226562500e+00
-3.735310077667236328e+00 3.174644470214843750e+00
-2.573904275894165039e+00 1.130455493927001953e+00
3.870048761367797852e+00 2.140128612518310547e+00
-3.928237438201904297e+00 -2.676332235336303711e+00
3.484112977981567383e+00 1.392231464385986328e+00
-3.932008028030395508e+00 -7.933351993560791016e-01
-7.649807453155517578e+00 2.543547391891479492e+00
-5.974190711975097656e+00 -3.465501666069030762e-01
1.771302521228790283e-01 3.892951607704162598e-01
-1.017692446708679199e+00 4.046571254730224609e+00
-6.255950450897216797e+00 2.341614007949829102e+00
-1.069276332855224609e+00 -2.490484952926635742e+00
-2.610103130340576172e+00 -2.137682437896728516e+00
-7.761389732360839844e+00 2.218788385391235352e+00
-2.835307121276855469e+00 -2.306537389755249023e+00
-1.237229228019714355e+00 1.086807250976562500e+00
-6.812124729156494141e+00 2.124523639678955078e+00
-5.577917695045471191e-01 -1.598408341407775879e+00
4.038444519042968750e+00 9.595451354980468750e-01
2.391268968582153320e+00 3.102855980396270752e-01
-7.235915064811706543e-01 4.012117862701416016e+00
-2.002570152282714844e+00 5.046248435974121094e-01
-1.199611783027648926e+00 3.780777931213378906e+00
-2.311243534088134766e+00 -2.738400936126708984e+00
-7.025409221649169922e+00 2.596081256866455078e+00
-3.048062801361083984e+00 2.824758768081665039e+00
-1.625244259834289551e+00 -4.130243301391601562e+00
-1.439248204231262207e+00 -2.035569190979003906e+00
-3.629181861877441406e+00 2.482845306396484375e+00
-5.114286541938781738e-01 2.757633686065673828e+00
-1.327950477600097656e+00 4.302115440368652344e+00
-1.857894301414489746e+00 -1.229056000709533691e+00
2.763205528259277344e+00 1.554909944534301758e+00
-1.529737830162048340e+00 -3.898396253585815430e+00
8.538622260093688965e-01 1.950246542692184448e-01
-9.627238512039184570e-01 2.950329303741455078e+00
1.391364932060241699e+00 1.584039092063903809e+00
2.096954822540283203e+00 1.784796118736267090e+00
-4.082771301269531250e+00 -1.474880456924438477e+00
-4.246002197265625000e+00 1.226006865501403809e+00
-7.027081012725830078e+00 1.459923624992370605e+00
1.437229633331298828e+00 -5.537285208702087402e-01
-1.871732354164123535e+00 1.714991688728332520e+00
-2.125269412994384766e+00 1.630270481109619141e+00
-3.716576337814331055e+00 1.702435731887817383e+00
1.137598276138305664e+00 -1.863021373748779297e+00
-4.282093048095703125e+00 9.468322396278381348e-01
-9.262542128562927246e-01 -2.747897386550903320e+00
-4.081335544586181641e+00 -1.003713250160217285e+00
-4.209525108337402344e+00 1.139449119567871094e+00
3.039437770843505859e+00 -1.571061462163925171e-01
1.422017693519592285e+00 2.590414524078369141e+00
7.512711882591247559e-01 1.584267616271972656e+00
-7.373124361038208008e-01 3.206644535064697266e+00
-2.301470518112182617e+00 2.422420024871826172e+00
2.473000526428222656e+00 2.862662792205810547e+00
-3.583719015121459961e+00 -1.592357993125915527e+00
-4.480508327484130859e+00 1.552184581756591797e+00
-4.835675716400146484e+00 -1.834280967712402344e+00
6.375760436058044434e-01 -2.489737272262573242e-01
-2.168505191802978516e+00 3.904649496078491211e+00
4.323543071746826172e+00 1.577858448028564453e+00
-7.522664070129394531e-01 3.301528215408325195e+00
-9.247251152992248535e-01 -3.789047002792358398e+00
3.821338176727294922e+00 1.252830743789672852e+00
1.762402176856994629e+00 -7.204585671424865723e-01
-4.909774959087371826e-01 3.683611154556274414e+00
-3.191757440567016602e+00 -1.846056461334228516e+00
-7.867110252380371094e+00 2.262458086013793945e+00
1.066608071327209473e+00 1.208375915884971619e-01
-8.587545156478881836e-01 3.647557735443115234e+00
-4.322809219360351562e+00 3.351955175399780273e+00
4.218998908996582031e+00 1.869858860969543457e+00
-2.249357938766479492e+00 -5.818200111389160156e-01
2.072041630744934082e-01 -1.468255072832107544e-01
7.093967795372009277e-01 3.240275144577026367e+00
-5.213335037231445312e+00 2.587771654129028320e+00
-6.144706249237060547e+00 2.830244779586791992e+00
3.628371477127075195e+00 1.833357095718383789e+00
-3.042372703552246094e+00 -1.389935016632080078e+00
2.887918949127197266e+00 2.213042259216308594e+00
-4.861451148986816406e+00 -1.710844755172729492e+00
3.098414421081542969e+00 2.521023750305175781e+00
-1.146483421325683594e+00 -4.074727535247802734e+00
-2.752715647220611572e-01 -1.523182094097137451e-01
2.198716998100280762e-01 -1.210135102272033691e+00
-1.005127906799316406e+00 3.116079330444335938e+00
1.115982890129089355e+00 1.962119340896606445e+00
-3.468945741653442383e+00 3.133985280990600586e+00
-3.115847349166870117e+00 9.538816660642623901e-02
-3.977522850036621094e+00 -1.663959622383117676e+00
-5.823285579681396484e-01 3.547433614730834961e+00
-3.354005813598632812e+00 3.234523534774780273e+00
7.038478255271911621e-01 1.375391483306884766e-01
-1.146106839179992676e+00 3.604074954986572266e+00
-4.362348079681396484e+00 1.401996135711669922e+00
-7.806976884603500366e-02 -3.652463436126708984e+00
-2.385132789611816406e+00 2.065993547439575195e+00
-1.953075647354125977e+00 1.046709492802619934e-01
3.846769094467163086e+00 2.340909004211425781e+00
-2.288068294525146484e+00 -3.366833448410034180e+00
1.901832222938537598e+00 7.200313210487365723e-01
-4.142951488494873047e+00 3.270198583602905273e+00
-1.536569118499755859e+00 -4.199470043182373047e+00
-2.859513282775878906e+00 -1.718287467956542969e+00
1.055675745010375977e+00 3.207061052322387695e+00
3.680052995681762695e+00 1.922029733657836914e+00
-2.704915761947631836e+00 6.437535285949707031e-01
-7.504810810089111328e+00 1.947811245918273926e+00
-4.878977298736572266e+00 1.655701518058776855e+00
-1.221335649490356445e+00 -2.487004756927490234e+00
-1.696169972419738770e-01 -3.481486797332763672e+00
-8.154167175292968750e+00 2.516693592071533203e+00
-5.823319435119628906e+00 1.500377774238586426e+00
-2.626384794712066650e-01 -3.547365188598632812e+00
-2.858927726745605469e+00 -2.276101827621459961e+00
-3.908597707748413086e+00 -1.635741233825683594e+00
-1.988968610763549805e+00 4.031338691711425781e+00
-5.043467521667480469e+00 1.735939264297485352e+00
-4.056037425994873047e+00 1.421105027198791504e+00
-1.524217486381530762e+00 2.653897106647491455e-01
-1.123857140541076660e+00 -1.094745039939880371e+00
-6.105054855346679688e+00 1.912673711776733398e+00
-2.491085767745971680e+00 1.164031028747558594e+00
-1.816235423088073730e+00 4.107912063598632812e+00
-2.737931728363037109e+00 2.820206403732299805e+00
-3.843620419502258301e-01 -3.882972002029418945e+00
3.979776144027709961e+00 2.223548173904418945e+00
-3.914380073547363281e+00 -2.606191873550415039e+00
-4.988830387592315674e-01 -3.955102205276489258e+00
1.598451733589172363e+00 -1.915022544562816620e-02
3.556209564208984375e+00 2.139464378356933594e+00
6.473639011383056641e-01 -2.491295523941516876e-02
-4.595342636108398438e+00 3.328548908233642578e+00
-2.712578296661376953e+00 -2.841523170471191406e+00
-4.044131278991699219e+00 3.238378047943115234e+00
-5.922416687011718750e+00 3.062739849090576172e+00
-7.258103370666503906e+00 1.517578721046447754e+00
-7.891454219818115234e+00 1.913628816604614258e+00
-2.528508186340332031e+00 2.140785455703735352e+00
-5.946217179298400879e-01 3.396859884262084961e+00
1.959313273429870605e+00 9.353571534156799316e-01
-6.062904834747314453e+00 5.577130317687988281e-01
-7.695937633514404297e+00 2.813320398330688477e+00
-4.650225639343261719e+00 1.540909886360168457e+00
-3.374225795269012451e-01 2.798578977584838867e+00
-6.196961879730224609e+00 2.521332502365112305e+00
-3.902760744094848633e+00 -2.209539413452148438e+00
-1.447630524635314941e-01 1.854251921176910400e-01
1.796961188316345215e+00 9.940435290336608887e-01
-7.931606292724609375e+00 2.197969198226928711e+00
-4.866662025451660156e-01 1.272260427474975586e+00
3.055344104766845703e+00 1.890369772911071777e+00
-4.041553497314453125e+00 -2.257260322570800781e+00
-3.720100641250610352e+00 -1.506603240966796875e+00
-9.986490011215209961e-01 -4.325960159301757812e+00
-5.173699855804443359e+00 -1.137411355972290039e+00
3.132603883743286133e+00 1.369298219680786133e+00
-2.623913526535034180e+00 -2.925603184849023819e-03
1.792384684085845947e-01 1.198810577392578125e+00
2.942985534667968750e+00 2.518774271011352539e+00
-1.066096052527427673e-01 3.657371044158935547e+00
-7.628166198730468750e+00 2.688864707946777344e+00
2.919667482376098633e+00 2.460237503051757812e+00
-2.302439212799072266e+00 -1.714370727539062500e+00
-5.759495735168457031e+00 9.386446475982666016e-01
-6.210080146789550781e+00 3.084120035171508789e+00
-3.927561521530151367e+00 3.238187551498413086e+00
3.584001064300537109e+00 2.545754909515380859e+00
-2.728751659393310547e+00 -2.321612596511840820e+00
2.701360940933227539e+00 1.152441740036010742e+00
-3.358236789703369141e+00 1.256705999374389648e+00
4.147463798522949219e+00 1.969086527824401855e+00
-5.645761966705322266e+00 -3.985385894775390625e-01
4.212719440460205078e+00 1.506256103515625000e+00
-2.175810098648071289e+00 -1.671734094619750977e+00
-6.667601466178894043e-01 -3.973730087280273438e+00
-1.984676599502563477e+00 -2.071747303009033203e+00
-1.254706978797912598e+00 2.891944646835327148e+00
-6.946526527404785156e+00 1.855475425720214844e+00
-1.681314945220947266e+00 5.716401338577270508e-01
-2.014953136444091797e+00 -1.820555686950683594e+00
2.299065142869949341e-01 -2.718720436096191406e+00
-5.459313869476318359e+00 4.242549836635589600e-01
-1.361993074417114258e+00 -1.847410798072814941e+00
-6.104099750518798828e+00 1.680635452270507812e+00
-6.914174556732177734e+00 1.896287202835083008e+00
3.452152013778686523e+00 1.973273515701293945e+00
2.006105661392211914e+00 1.248880028724670410e+00
3.746602296829223633e+00 1.059814333915710449e+00
-2.993664026260375977e+00 -2.120448589324951172e+00
-4.504694938659667969e+00 -1.711640954017639160e-01
3.741364955902099609e+00 8.463109731674194336e-01
3.172621011734008789e+00 2.398057460784912109e+00
-7.011498451232910156e+00 2.012392759323120117e+00
-3.989567279815673828e+00 -2.551234483718872070e+00
-6.095799207687377930e-01 -2.170915126800537109e+00
-1.664961695671081543e+00 -4.817880630493164062e+00
1.349401324987411499e-01 2.472238540649414062e+00
-5.791481137275695801e-01 1.978221178054809570e+00
-2.169237613677978516e+00 -2.225728988647460938e+00
7.072586417198181152e-01 -2.437708377838134766e+00
-7.800094127655029297e+00 2.313350677490234375e+00
-3.419180512428283691e-01 -2.984442949295043945e+00
-8.912950754165649414e-01 -3.784026861190795898e+00
4.072031497955322266e+00 1.470196366310119629e+00
-3.836908340454101562e+00 -2.320168018341064453e+00
-1.385803461074829102e+00 -2.860417962074279785e-01
-3.733924865722656250e+00 5.780990719795227051e-01
-4.403067588806152344e+00 -1.473198413848876953e+00
-5.546631336212158203e+00 -3.711737692356109619e-01
2.958590164780616760e-02 6.681614369153976440e-02
-3.176615834236145020e-01 1.348682522773742676e+00
-1.673337221145629883e+00 1.485290884971618652e+00
1.660191774368286133e+00 -1.521810144186019897e-01
-3.842377424240112305e+00 -2.689899206161499023e+00
-4.168114185333251953e+00 1.848110795021057129e+00
-3.083860158920288086e+00 -7.253461331129074097e-02
-6.859007477760314941e-01 -1.432053208351135254e+00
-1.656035184860229492e+00 -1.055613994598388672e+00
-1.558984994888305664e+00 1.835020184516906738e+00
-3.453958272933959961e+00 -2.058960676193237305e+00
-4.653464317321777344e+00 1.080780386924743652e+00
-6.852065563201904297e+00 2.321810960769653320e+00
-1.756791591644287109e+00 -3.838948249816894531e+00
-4.941315174102783203e+00 1.876414895057678223e+00
-2.729691505432128906e+00 -5.704409480094909668e-01
-4.340479850769042969e+00 -1.804124712944030762e+00
3.983537435531616211e+00 1.209729313850402832e+00
-3.033126592636108398e+00 -2.532667875289916992e+00
-3.181123018264770508e+00 3.151872634887695312e+00
-7.943013668060302734e+00 2.257732629776000977e+00
-1.430153608322143555e+00 4.048019886016845703e+00
1.718049883842468262e+00 2.594231605529785156e+00
-1.743417978286743164e+00 3.621764659881591797e+00
-3.271142482757568359e+00 3.529153108596801758e+00
-7.822775244712829590e-01 3.961489200592041016e-01
6.544591784477233887e-01 1.028939411044120789e-01
-7.208127498626708984e+00 2.653662681579589844e+00
-1.521744251251220703e+00 2.936071455478668213e-01
-4.087327003479003906e+00 2.877795457839965820e+00
-1.596749305725097656e+00 -2.266047716140747070e+00
-8.008080482482910156e+00 2.398501634597778320e+00
3.729034185409545898e+00 1.839475274085998535e+00
