2.347761869430541992e+00 2.541389942169189453e+00
4.396108627319335938e+00 -6.927602887153625488e-01
2.099905967712402344e+00 -2.151486396789550781e+00
3.132523059844970703e+00 -1.574298888444900513e-01
4.719253182411193848e-01 -5.620387554168701172e+00
2.149480819702148438e+00 2.937374353408813477e+00
3.591938495635986328e+00 -1.991198182106018066e+00
1.181675910949707031e+00 -3.234138488769531250e+00
-3.321494340896606445e+00 1.350727438926696777e+00
-3.281279563903808594e+00 -3.274697363376617432e-01
4.921191632747650146e-01 -3.571934103965759277e-01
1.308746337890625000e+00 -2.007568836212158203e+00
-3.424286603927612305e+00 -2.664983749389648438e+00
7.974749803543090820e-01 -2.203821659088134766e+00
1.596448540687561035e+00 1.746122479438781738e+00
3.384024143218994141e+00 -7.949573397636413574e-01
1.132978796958923340e+00 1.137574195861816406e+00
-1.709461212158203125e+00 -6.149217605590820312e+00
1.490922927856445312e+00 3.160142898559570312e+00
-3.787672519683837891e+00 -1.976907134056091309e+00
-1.227534651756286621e+00 -5.252092361450195312e+00
-4.029057919979095459e-01 -6.422662734985351562e+00
4.123646736145019531e+00 -1.979800611734390259e-01
6.203528046607971191e-01 8.251071572303771973e-01
-1.817128360271453857e-01 -2.813345193862915039e-01
1.717774122953414917e-01 -1.742595314979553223e+00
-4.580207824707031250e+00 -1.684298813343048096e-01
2.201340198516845703e+00 -2.834038734436035156e+00
-4.450109302997589111e-01 -5.631622076034545898e-01
7.101915478706359863e-01 -5.797900557518005371e-01
-3.748913526535034180e+00 -1.442706227302551270e+00
4.153140544891357422e+00 -5.431822776794433594e+00
-1.193553090095520020e+00 -3.596916437149047852e+00
-3.206688404083251953e+00 -6.259501576423645020e-01
1.365624666213989258e+00 2.268615007400512695e+00
2.145403385162353516e+00 2.414339780807495117e+00
-3.586296081542968750e+00 -1.152919292449951172e+00
5.782077908515930176e-01 -1.451217293739318848e+00
3.179925203323364258e+00 -8.789293766021728516e-01
2.222611188888549805e+00 1.651656985282897949e+00
4.290071010589599609e+00 -3.873268604278564453e+00
-4.003570556640625000e+00 -1.503998756408691406e+00
-3.263216018676757812e+00 1.551270842552185059e+00
2.964920043945312500e+00 -1.920912027359008789e+00
-2.027565717697143555e+00 3.671907424926757812e+00
-5.469262599945068359e-01 -6.489701747894287109e+00
-5.281187891960144043e-01 -5.932837963104248047e+00
-5.726492881774902344e+00 -2.909304380416870117e+00
1.432713627815246582e+00 3.172608613967895508e+00
3.210977315902709961e+00 2.457590401172637939e-01
3.126120567321777344e+00 -8.822183609008789062e-01
-4.490499794483184814e-01 -3.082796335220336914e+00
-7.701833248138427734e-01 -6.230330944061279297e+00
-2.387487649917602539e+00 -2.423956692218780518e-01
9.976089596748352051e-01 -8.313295245170593262e-01
2.861364185810089111e-01 -5.279834747314453125e+00
-1.379597067832946777e+00 2.564497470855712891e+00
-6.291107535362243652e-01 -4.274637401103973389e-01
1.266749620437622070e+00 2.396993875503540039e+00
-4.242269992828369141e+00 5.918651819229125977e-01
2.780198097229003906e+00 2.370560407638549805e+00
2.703107595443725586e+00 -6.073698043823242188e+00
-8.396270275115966797e-01 -5.555041313171386719e+00
-2.649238586425781250e+00 2.402423143386840820e+00
3.267833232879638672e+00 7.773038148880004883e-01
1.652563095092773438e+00 -3.851966619491577148e+00
-1.708636879920959473e+00 -6.193713665008544922e+00
3.919514656066894531e+00 -4.281137943267822266e+00
-4.304366588592529297e+00 -1.297932147979736328e+00
-1.295155763626098633e+00 -6.522130966186523438e+00
-3.917220830917358398e+00 -8.895385265350341797e-01
2.991161644458770752e-01 -4.992721602320671082e-02
-1.368420600891113281e+00 -5.750635147094726562e+00
-2.918986797332763672e+00 -3.565716147422790527e-01
2.279131174087524414e+00 3.101099252700805664e+00
2.504028320312500000e+00 1.380132079124450684e+00
1.463192582130432129e+00 -2.452426671981811523e+00
8.083130121231079102e-01 -1.905311346054077148e+00
1.347927808761596680e+00 -3.941961765289306641e+00
-4.582856655120849609e+00 -1.803881049156188965e+00
-3.264266848564147949e-01 -6.148088455200195312e+00
-1.158395767211914062e+00 1.713935494422912598e+00
3.872699022293090820e+00 -5.055326938629150391e+00
-3.292192220687866211e+00 -1.526806950569152832e+00
-1.326647400856018066e+00 1.963558197021484375e+00
2.411461353302001953e+00 -2.506460666656494141e+00
8.766899704933166504e-01 -4.751721858978271484e+00
-2.765716075897216797e+00 -1.168217539787292480e+00
3.187796592712402344e+00 1.815082311630249023e+00
3.465795278549194336e+00 -5.201562404632568359e+00
3.690022468566894531e+00 -2.236937433481216431e-01
1.961239457130432129e+00 -3.545925378799438477e+00
2.286014318466186523e+00 1.536702364683151245e-01
-4.304682463407516479e-02 2.153704643249511719e+00
-3.793579101562500000e+00 -7.959777116775512695e-02
-7.760962843894958496e-01 -2.532811880111694336e+00
-1.596354603767395020e+00 -4.919916629791259766e+00
4.118320465087890625e+00 -1.114787578582763672e+00
3.857266306877136230e-01 -1.427211999893188477e+00
-1.018932834267616272e-01 -1.930978775024414062e+00
2.145901173353195190e-01 -3.549502372741699219e+00
4.519942760467529297e+00 -2.744513273239135742e+00
-1.747317314147949219e+00 -2.934012174606323242e+00
2.807753562927246094e+00 -5.596568107604980469e+00
-2.609058856964111328e+00 8.089957833290100098e-01
-7.019381523132324219e-01 -2.645573377609252930e+00
4.766521930694580078e+00 -2.578238248825073242e+00
1.646143198013305664e+00 -8.881212025880813599e-02
2.999379158020019531e+00 -8.168038129806518555e-01
2.285396337509155273e+00 -2.965804576873779297e+00
6.692500784993171692e-03 -1.380023717880249023e+00
9.378159046173095703e-01 1.453397154808044434e+00
-3.986893415451049805e+00 -2.146425724029541016e+00
-5.913320779800415039e-01 -2.836037874221801758e+00
-3.930505990982055664e+00 1.456385850906372070e+00
4.156323432922363281e+00 2.242414355278015137e-01
1.258048415184020996e+00 -4.268805503845214844e+00
1.786666512489318848e+00 3.057238817214965820e+00
2.103790760040283203e+00 -3.562673807144165039e+00
3.782106161117553711e+00 -4.814295768737792969e+00
1.056013345718383789e+00 2.938336133956909180e+00
4.692081451416015625e+00 -2.802301645278930664e+00
2.288748979568481445e+00 -3.026350975036621094e+00
-3.876852035522460938e+00 -2.532895088195800781e+00
-9.057523608207702637e-01 -5.930879116058349609e+00
3.707656860351562500e+00 9.395720958709716797e-01
1.267763257026672363e+00 -3.479802370071411133e+00
-1.668381094932556152e+00 3.035356283187866211e+00
1.824183940887451172e+00 2.719135046005249023e+00
-1.417452454566955566e+00 7.252209633588790894e-02
4.028289318084716797e+00 -2.095067948102951050e-01
1.102749586105346680e+00 4.777446389198303223e-01
-1.979851245880126953e+00 3.424557447433471680e+00
5.297343060374259949e-02 -5.392561912536621094e+00
2.519934177398681641e+00 2.326134920120239258e+00
-3.784928560256958008e+00 -2.379932880401611328e+00
1.999390006065368652e+00 1.789090633392333984e+00
-4.088091850280761719e+00 1.350518226623535156e+00
1.703343391418457031e+00 1.566880941390991211e+00
3.880563974380493164e+00 -5.279500007629394531e+00
3.665572881698608398e+00 -1.520580410957336426e+00
3.833086967468261719e+00 -2.470044851303100586e+00
2.096924304962158203e+00 -2.852557182312011719e+00
4.246610641479492188e+00 9.897814393043518066e-01
-1.350716710090637207e+00 2.347884178161621094e+00
-1.258607268333435059e+00 -1.515192031860351562e+00
-3.957282781600952148e+00 8.321186304092407227e-01
1.842378973960876465e+00 -3.041849136352539062e+00
-1.223641753196716309e+00 2.383605003356933594e+00
3.665901660919189453e+00 -3.185644149780273438e-01
1.100467324256896973e+00 -2.591786861419677734e+00
-5.498179793357849121e-01 -3.074998617172241211e+00
4.233721733093261719e+00 -4.675810337066650391e+00
-2.798579335212707520e-01 -1.639934420585632324e+00
9.209166765213012695e-01 -1.500407934188842773e+00
1.826104640960693359e+00 2.280847072601318359e+00
-5.742008209228515625e+00 -3.032941818237304688e+00
3.152585983276367188e+00 6.956110000610351562e-01
-1.505501151084899902e+00 2.971305370330810547e+00
-5.798905372619628906e+00 -2.998224258422851562e+00
-4.545280933380126953e+00 -7.474298477172851562e-01
6.986199021339416504e-01 -2.707838118076324463e-01
2.405481815338134766e+00 2.400440454483032227e+00
-6.622040867805480957e-01 -1.353660106658935547e+00
8.451538681983947754e-01 -5.975333213806152344e+00
-8.415358066558837891e-01 -3.213344097137451172e+00
-2.971997976303100586e+00 -1.427204370498657227e+00
4.354022979736328125e+00 -4.779960632324218750e+00
-1.138309478759765625e+00 -6.071453571319580078e+00
-1.508878946304321289e+00 -4.005201339721679688e+00
4.347425460815429688e+00 -4.427847862243652344e+00
-4.010295391082763672e+00 -1.635361671447753906e+00
-3.126106739044189453e+00 3.542442321777343750e-01
1.102380990982055664e+00 -4.418254375457763672e+00
-5.709469318389892578e-01 -3.824139595031738281e+00
3.912203609943389893e-01 -4.074011325836181641e+00
4.620552062988281250e-02 7.134101390838623047e-01
-2.858111858367919922e+00 1.185145899653434753e-01
-1.224660158157348633e+00 -4.705829620361328125e+00
2.179395556449890137e-01 -2.475447416305541992e+00
1.438887596130371094e+00 -4.233785629272460938e+00
-1.179931402206420898e+00 1.370689511299133301e+00
4.306193351745605469e+00 -4.746674060821533203e+00
1.298413991928100586e+00 2.818698406219482422e+00
-4.841938972473144531e+00 5.836846232414245605e-01
4.327284812927246094e+00 -4.960394382476806641e+00
4.572830200195312500e+00 -1.874837130308151245e-01
2.494470596313476562e+00 2.273228645324707031e+00
3.999669790267944336e+00 -6.519353985786437988e-01
-1.635213971138000488e+00 3.238693475723266602e+00
-4.097407817840576172e+00 -2.486289024353027344e+00
-1.684373140335083008e+00 2.813368797302246094e+00
1.543830931186676025e-01 -6.624077320098876953e+00
-1.861894011497497559e+00 -5.400684356689453125e+00
-1.126023650169372559e+00 -6.388668060302734375e+00
-1.207587718963623047e-01 -9.623472094535827637e-01
1.736681222915649414e+00 -2.489082813262939453e+00
2.940325021743774414e+00 -2.084663510322570801e-01
-2.304939270019531250e+00 2.678384065628051758e+00
-1.534752100706100464e-01 -6.034960746765136719e+00
-6.520603299140930176e-01 -3.601006031036376953e+00
2.269479990005493164e+00 -2.320863008499145508e+00
-1.630270719528198242e+00 -6.318357467651367188e+00
-3.918400764465332031e+00 4.609090089797973633e-01
3.015140056610107422e+00 -3.320764601230621338e-01
3.198042392730712891e+00 4.515600502490997314e-01
-7.811799645423889160e-01 -5.924427509307861328e+00
4.149953424930572510e-01 9.485384076833724976e-02
2.424581289291381836e+00 2.017794609069824219e+00
-4.463438987731933594e+00 5.952656269073486328e-01
-3.274771451950073242e+00 2.531024515628814697e-01
4.014445304870605469e+00 -5.489617824554443359e+00
-3.418819904327392578e+00 1.486807107925415039e+00
1.451388001441955566e+00 2.201351881027221680e+00
-4.993026852607727051e-01 2.499294728040695190e-01
1.743216037750244141e+00 -7.626819610595703125e-01
1.528344511985778809e+00 1.692861437797546387e+00
2.580277442932128906e+00 -3.346584320068359375e+00
-7.292561531066894531e-01 -6.369481086730957031e+00
1.955185532569885254e+00 1.647609710693359375e+00
-3.874721527099609375e+00 -5.743445158004760742e-01
-2.026970148086547852e+00 2.708685159683227539e+00
8.020375967025756836e-01 -5.382544040679931641e+00
-1.461135387420654297e+00 2.596501111984252930e+00
1.535188078880310059e+00 2.244569063186645508e+00
-3.443139314651489258e+00 -9.928988814353942871e-01
1.095616698265075684e+00 2.197334051132202148e+00
-4.412693679332733154e-01 -2.541743516921997070e+00
1.410738706588745117e+00 2.693799734115600586e+00
-2.349872827529907227e+00 1.728330969810485840e+00
1.478254437446594238e+00 2.996432542800903320e+00
-3.132730722427368164e+00 -2.612566471099853516e+00
4.116116523742675781e+00 -5.395529270172119141e+00
-2.970117807388305664e+00 -1.588631749153137207e+00
1.293382763862609863e+00 -3.131185531616210938e+00
-1.519397497177124023e+00 -6.128880023956298828e+00
-1.103493809700012207e+00 -1.122708320617675781e+00
-3.065253257751464844e+00 -1.338338613510131836e+00
4.589779376983642578e+00 -3.716183662414550781e+00
3.535369873046875000e+00 -1.884285569190979004e+00
-3.038084268569946289e+00 -5.157992839813232422e-01
-1.361386418342590332e+00 -4.268423080444335938e+00
-1.580498933792114258e+00 -4.944468021392822266e+00
2.421701669692993164e+00 2.187111139297485352e+00
1.760571122169494629e+00 -1.164565801620483398e+00
1.518494606018066406e+00 2.997394084930419922e+00
-4.003621101379394531e+00 -8.149728178977966309e-01
3.090179920196533203e+00 -4.501934051513671875e+00
2.216459274291992188e+00 3.069754600524902344e+00
2.070974826812744141e+00 1.924783349037170410e+00
-1.522753357887268066e+00 -5.460328578948974609e+00
-4.456386089324951172e+00 6.335666775703430176e-01
-3.077301263809204102e+00 -1.627716302871704102e+00
3.592639684677124023e+00 -6.153747558593750000e+00
2.259383916854858398e+00 -1.496413707733154297e+00
7.914725542068481445e-01 -1.659996986389160156e+00
-3.777000665664672852e+00 -1.035846114158630371e+00
4.484758377075195312e+00 -3.570549011230468750e+00
-8.870250582695007324e-01 -6.450944423675537109e+00
4.535583019256591797e+00 -4.224854946136474609e+00
3.454530000686645508e+00 -5.478594303131103516e+00
2.104862689971923828e+00 2.989978551864624023e+00
-4.174312114715576172e+00 2.086675912141799927e-01
3.260651826858520508e+00 -2.818025588989257812e+00
-1.873708814382553101e-01 -3.011019945144653320e+00
-3.876091241836547852e+00 9.966379404067993164e-01
-3.149764060974121094e+00 1.803249001502990723e+00
3.631686449050903320e+00 -1.024290323257446289e+00
8.747676610946655273e-01 1.029631868004798889e-01
-7.224769890308380127e-02 -7.589352726936340332e-01
4.510790824890136719e+00 -1.177956089377403259e-01
-4.586679458618164062e+00 6.327391266822814941e-01
-3.656378686428070068e-01 -3.071569442749023438e+00
-8.623392581939697266e-01 -1.663297891616821289e+00
-2.637895822525024414e+00 -5.358830690383911133e-01
2.034254312515258789e+00 -4.819037437438964844e+00
3.630816340446472168e-01 -8.543204069137573242e-01
-3.812109470367431641e+00 -9.602718353271484375e-01
-1.012564420700073242e+00 -2.690239191055297852e+00
-8.648165464401245117e-01 -5.747102737426757812e+00
3.078613281250000000e+00 -4.876307010650634766e+00
3.126834332942962646e-01 -4.419164657592773438e+00
-1.909511923789978027e+00 -1.223377346992492676e+00
-4.546262741088867188e+00 -6.765712797641754150e-02
2.065200567245483398e+00 2.929390907287597656e+00
-4.372211456298828125e+00 -1.281385064125061035e+00
-1.017597079277038574e+00 2.314309120178222656e+00
-1.226242542266845703e+00 -6.324904441833496094e+00
2.130219221115112305e+00 -3.470820665359497070e+00
1.668065309524536133e+00 6.087034195661544800e-02
9.896668791770935059e-01 -3.844210863113403320e+00
-1.120327830314636230e+00 2.946444272994995117e+00
1.971747130155563354e-01 3.983361124992370605e-01
3.831636428833007812e+00 -2.830322682857513428e-01
-5.053826570510864258e-01 -6.814142227172851562e+00
-8.956447243690490723e-02 6.193250417709350586e-01
-1.735312581062316895e+00 2.861215829849243164e+00
-3.329442024230957031e+00 -1.369041800498962402e+00
-4.648706018924713135e-01 -6.340504169464111328e+00
2.488710165023803711e+00 2.567857027053833008e+00
