-2.339330434799194336e+00 1.878465563058853149e-01
6.345782279968261719e-01 4.925789833068847656e+00
1.845443129539489746e+00 2.875775337219238281e+00
3.296223580837249756e-01 4.444387912750244141e+00
3.721773147583007812e+00 3.829445362091064453e+00
-2.719848632812500000e+00 5.919194817543029785e-01
9.703810214996337891e-01 3.995757341384887695e+00
2.297854661941528320e+00 2.057759046554565430e+00
2.018872737884521484e+00 -3.591774940490722656e+00
4.236286878585815430e-01 -3.426368474960327148e+00
4.190521240234375000e-01 2.497099637985229492e-01
2.233260631561279297e+00 1.144268393516540527e+00
-1.652653574943542480e+00 -3.440670490264892578e+00
1.391380190849304199e+00 1.917796023190021515e-02
-1.819750189781188965e+00 -1.454460322856903076e-01
1.504391789436340332e+00 4.314930915832519531e+00
-1.336002349853515625e+00 -6.289206743240356445e-01
4.295404911041259766e+00 4.875474452972412109e+00
-2.499298572540283203e+00 9.979818463325500488e-01
-5.972522497177124023e-01 -4.011269092559814453e+00
4.453885078430175781e+00 3.334104537963867188e+00
5.128929615020751953e+00 4.351449966430664062e+00
5.273563265800476074e-01 4.523149967193603516e+00
-3.583446443080902100e-01 1.353112816810607910e+00
3.981575667858123779e-01 -8.627185225486755371e-01
1.409648895263671875e+00 5.531845092773437500e-01
5.291265249252319336e-01 -5.182655334472656250e+00
2.565081119537353516e+00 2.476074457168579102e+00
5.344527363777160645e-01 -6.678212285041809082e-01
5.343841910362243652e-01 1.025715231895446777e+00
-4.075230062007904053e-01 -4.325201034545898438e+00
-2.486668348312377930e+00 -4.353105545043945312e+00
2.939139842987060547e+00 2.387843877077102661e-01
1.048249825835227966e-01 -3.769716262817382812e+00
-1.751425266265869141e+00 5.072342753410339355e-01
-2.234086990356445312e+00 2.098402082920074463e-01
-2.701045870780944824e-01 -4.335849285125732422e+00
1.321793079376220703e+00 8.177692294120788574e-01
1.721350193023681641e+00 4.397259235382080078e+00
-1.692174196243286133e+00 -5.859031081199645996e-01
-2.191298961639404297e+00 -3.200702667236328125e+00
-6.753714382648468018e-02 -3.995986700057983398e+00
2.100373029708862305e+00 -3.609107017517089844e+00
2.350582838058471680e+00 3.928112268447875977e+00
4.639161586761474609e+00 1.902243256568908691e+00
5.113491535186767578e+00 4.348366737365722656e+00
5.052183151245117188e+00 3.664951801300048828e+00
-1.056036353111267090e+00 -5.036641597747802734e+00
-2.632880926132202148e+00 1.006301760673522949e+00
-3.231045901775360107e-01 4.262558937072753906e+00
1.400279641151428223e+00 3.838905096054077148e+00
3.614360809326171875e+00 1.158432841300964355e+00
5.061428546905517578e+00 4.255883693695068359e+00
-2.807810902595520020e-01 -2.539980888366699219e+00
4.100049138069152832e-01 2.733799517154693604e-01
4.444882392883300781e+00 3.124128103256225586e+00
-1.777768492698669434e+00 3.237269401550292969e+00
5.687102675437927246e-01 -8.622922897338867188e-01
-1.948995113372802734e+00 7.383000254631042480e-01
1.154944419860839844e+00 -4.720467090606689453e+00
-2.448304414749145508e+00 -3.416603207588195801e-01
-1.588252425193786621e+00 -5.191143035888671875e+00
4.878793239593505859e+00 3.253273248672485352e+00
-2.035164594650268555e+00 4.491607189178466797e+00
-3.665920495986938477e-01 3.994568586349487305e+00
2.372586965560913086e+00 3.538161993026733398e+00
3.885024785995483398e+00 5.001396656036376953e+00
-2.629197359085083008e+00 -3.445689916610717773e+00
-7.148214429616928101e-02 -4.540024280548095703e+00
4.876994609832763672e+00 4.830092430114746094e+00
-1.418134719133377075e-01 -4.229036808013916016e+00
-3.490308523178100586e-01 6.857537478208541870e-02
4.200509548187255859e+00 4.539040565490722656e+00
-2.555025219917297363e-01 -2.789714336395263672e+00
-3.030065298080444336e+00 3.304421305656433105e-01
-2.122246503829956055e+00 -9.916614890098571777e-01
2.041931390762329102e+00 1.808198451995849609e+00
1.103750228881835938e+00 -3.084612488746643066e-01
2.262451887130737305e+00 3.229347705841064453e+00
-5.906688570976257324e-01 -4.788052082061767578e+00
4.139109611511230469e+00 4.266517162322998047e+00
-1.512220740318298340e+00 2.444246292114257812e+00
-3.117326259613037109e+00 -3.912283420562744141e+00
-4.354281425476074219e-01 -3.583319187164306641e+00
-1.503754734992980957e+00 2.832579851150512695e+00
1.096255064010620117e+00 2.248167037963867188e+00
2.981319427490234375e+00 3.318870544433593750e+00
-3.413498699665069580e-01 -3.139518976211547852e+00
-1.882429957389831543e+00 -1.521901249885559082e+00
-2.468878746032714844e+00 -4.294815063476562500e+00
1.274169888347387314e-02 4.664307594299316406e+00
1.536412000656127930e+00 2.451434850692749023e+00
1.868174374103546143e-01 3.503477096557617188e+00
-1.968681097030639648e+00 2.257660627365112305e+00
1.106476664543151855e+00 -3.914602518081665039e+00
2.821143388748168945e+00 2.005789577960968018e-01
4.103658676147460938e+00 2.600427865982055664e+00
9.359778761863708496e-01 5.118493556976318359e+00
1.384544134140014648e+00 2.998613715171813965e-01
1.710802316665649414e+00 4.414172098040580750e-02
3.188086748123168945e+00 1.333750009536743164e+00
-2.964733839035034180e+00 -2.166270732879638672e+00
3.229804515838623047e+00 -1.271551400423049927e-01
-1.311602234840393066e+00 -5.069388866424560547e+00
1.386240005493164062e+00 -3.368968963623046875e+00
2.918968439102172852e+00 3.815986514091491699e-01
-2.946694612503051758e+00 -2.151173114776611328e+00
-5.103275179862976074e-01 7.714718580245971680e-01
1.430422306060791016e+00 4.657012939453125000e+00
1.366471529006958008e+00 2.340615272521972656e+00
3.269413709640502930e+00 1.612310886383056641e+00
-1.205654263496398926e+00 3.927488625049591064e-01
-1.112919926643371582e+00 -3.826017618179321289e+00
3.262385606765747070e+00 5.120456814765930176e-01
2.000368595123291016e+00 -3.600438594818115234e+00
2.259897232055664062e+00 5.429580688476562500e+00
2.430820941925048828e+00 3.427048206329345703e+00
-2.687460422515869141e+00 7.457457184791564941e-01
1.939210057258605957e+00 2.572681665420532227e+00
-3.376308441162109375e+00 -3.413484811782836914e+00
-2.089515209197998047e+00 1.190108776092529297e+00
-2.480211257934570312e+00 -2.145790100097656250e+00
1.771839499473571777e+00 1.953269481658935547e+00
-1.158097028732299805e+00 -4.224873065948486328e+00
4.876980781555175781e+00 4.153334617614746094e+00
-9.751853942871093750e-01 3.822820663452148438e+00
2.294919729232788086e+00 2.703271627426147461e+00
-1.416655778884887695e+00 4.469679355621337891e+00
-2.387169599533081055e+00 4.977963268756866455e-01
7.551471889019012451e-02 -1.811372518539428711e+00
7.519074082374572754e-01 5.012255668640136719e+00
-8.136265873908996582e-01 -2.363746762275695801e-01
-1.179661393165588379e+00 5.052095413208007812e+00
3.905133485794067383e+00 4.198775291442871094e+00
-2.371342420578002930e+00 -2.154337912797927856e-01
5.494175478816032410e-03 -4.262908458709716797e+00
-1.767546534538269043e+00 -9.527924656867980957e-02
1.901135206222534180e+00 -4.080317974090576172e+00
-1.431815624237060547e+00 4.379979372024536133e-01
-2.910873889923095703e+00 -4.058330059051513672e+00
2.575354874134063721e-01 4.525800228118896484e+00
5.288473367691040039e-01 2.494118213653564453e+00
1.595313429832458496e+00 2.473202228546142578e+00
1.892668724060058594e+00 5.111454486846923828e+00
-1.861887693405151367e+00 2.847694158554077148e+00
1.207473635673522949e+00 -1.199513196945190430e+00
1.237768054008483887e+00 -4.099909305572509766e+00
1.632612943649291992e+00 1.547733902931213379e+00
-1.805022597312927246e+00 2.686149835586547852e+00
2.926589548587799072e-01 4.760937213897705078e+00
2.052033662796020508e+00 1.187518715858459473e+00
3.475168228149414062e+00 7.158648967742919922e-01
-3.675562858581542969e+00 -3.180469036102294922e+00
2.826153278350830078e+00 8.157967329025268555e-01
2.375224232673645020e-01 -1.271481275558471680e+00
-2.139771223068237305e+00 3.246109485626220703e-01
-8.468384146690368652e-01 -5.187458992004394531e+00
-3.963609337806701660e-01 4.020994663238525391e+00
-1.363964557647705078e+00 4.510242938995361328e+00
-1.447151660919189453e+00 -5.253223896026611328e+00
7.876360416412353516e-01 -4.374837398529052734e+00
6.095919013023376465e-02 6.452789902687072754e-01
-2.499468564987182617e+00 -1.507751792669296265e-01
1.052450656890869141e+00 -1.003737211227416992e+00
5.035113811492919922e+00 3.020964145660400391e+00
3.479170322418212891e+00 6.064776778221130371e-01
-8.139100670814514160e-01 -3.638143062591552734e+00
-2.982799291610717773e+00 -3.486230134963989258e+00
5.202825546264648438e+00 4.077009201049804688e+00
3.840754270553588867e+00 2.212620735168457031e+00
-3.135354995727539062e+00 -3.416365861892700195e+00
-4.603649973869323730e-01 -4.502866744995117188e+00
9.105100035667419434e-01 -3.187613725662231445e+00
3.022011756896972656e+00 2.054624557495117188e+00
4.156166553497314453e+00 2.106106758117675781e+00
3.118840932846069336e+00 1.142126679420471191e+00
-3.576622307300567627e-01 -1.108853578567504883e+00
5.320421457290649414e-01 -3.635825157165527344e+00
3.839274168014526367e+00 2.254365682601928711e+00
1.853857874870300293e+00 3.421039283275604248e-01
2.424169063568115234e+00 2.846671819686889648e+00
-1.712258696556091309e+00 2.680204629898071289e+00
-3.307985544204711914e+00 -3.351152896881103516e+00
-2.290499687194824219e+00 8.458063602447509766e-01
9.918980002403259277e-01 -5.181841850280761719e+00
-3.236295938491821289e+00 -3.682559013366699219e+00
8.045796751976013184e-01 4.803500652313232422e+00
-2.163346767425537109e+00 -2.216138839721679688e-01
1.066854238510131836e+00 5.110861301422119141e+00
-1.305797576904296875e+00 4.953245162963867188e+00
-1.166361808776855469e+00 -4.529450893402099609e+00
-1.361234068870544434e+00 4.281003475189208984e+00
3.802080154418945312e+00 4.885870456695556641e+00
3.921489953994750977e+00 4.459559440612792969e+00
4.755946159362792969e+00 4.728537559509277344e+00
2.825012207031250000e+00 6.516904830932617188e-01
1.633357644081115723e+00 1.607340693473815918e+00
1.080656528472900391e+00 3.835963249206542969e+00
-1.722684383392333984e+00 4.448969364166259766e+00
5.141828060150146484e+00 3.974091768264770508e+00
3.856666564941406250e+00 1.611243009567260742e+00
1.122996211051940918e+00 1.895715594291687012e+00
4.326843738555908203e+00 4.562869548797607422e+00
1.072597622871398926e+00 -4.466483592987060547e+00
1.624789386987686157e-01 4.213409423828125000e+00
-2.877006530761718750e-01 3.690679311752319336e+00
4.665673732757568359e+00 4.138271331787109375e+00
-3.093588054180145264e-01 -5.877320766448974609e-01
-1.965250492095947266e+00 -1.527240574359893799e-01
1.351912021636962891e+00 -4.786763191223144531e+00
7.744121551513671875e-01 -3.744248628616333008e+00
-2.907696008682250977e+00 -4.260711669921875000e+00
2.149594306945800781e+00 -3.556818485260009766e+00
-1.797951936721801758e+00 6.285644769668579102e-01
8.307664841413497925e-02 -1.000589966773986816e+00
9.725359082221984863e-02 -5.132452249526977539e-01
-1.522361636161804199e+00 9.357123374938964844e-01
8.864399194717407227e-01 1.328532695770263672e+00
4.979123592376708984e+00 4.307570934295654297e+00
-1.624782323837280273e+00 1.483992394059896469e-02
4.231371358036994934e-02 -3.972487688064575195e+00
-1.290078163146972656e+00 4.224684715270996094e+00
4.160104274749755859e+00 3.390272140502929688e+00
-1.721747875213623047e+00 3.556473255157470703e+00
-1.825305461883544922e+00 7.109584808349609375e-01
-6.078352332115173340e-01 -3.828258991241455078e+00
-1.870766758918762207e+00 8.948765993118286133e-01
2.615245819091796875e+00 1.597350388765335083e-01
-2.101524591445922852e+00 9.022645950317382812e-01
-1.292382359504699707e+00 3.773989200592041016e+00
-2.495906591415405273e+00 9.616453051567077637e-01
-1.196895003318786621e+00 -4.261469841003417969e+00
-2.993551731109619141e+00 -4.022716999053955078e+00
-3.677695691585540771e-01 -3.522521257400512695e+00
2.312345266342163086e+00 1.767526984214782715e+00
4.355568408966064453e+00 4.998966693878173828e+00
5.165598392486572266e-01 -2.153399705886840820e+00
-7.382825016975402832e-01 -3.526323318481445312e+00
-2.694600105285644531e+00 -2.931311845779418945e+00
1.302652120590209961e+00 4.907629013061523438e+00
6.405966728925704956e-02 -3.391547441482543945e+00
3.872189521789550781e+00 2.454445123672485352e+00
4.307018756866455078e+00 3.594822883605957031e+00
-2.201166868209838867e+00 1.228379160165786743e-01
-4.962479472160339355e-01 -1.240532755851745605e+00
-2.420429944992065430e+00 1.148530602455139160e+00
-4.970618188381195068e-01 -4.680960178375244141e+00
-3.935840606689453125e+00 -2.974164962768554688e+00
-2.920057058334350586e+00 4.031854569911956787e-01
-1.745327234268188477e+00 5.231090821325778961e-03
4.360976696014404297e+00 4.735802173614501953e+00
1.132249116897583008e+00 -5.003732681274414062e+00
-5.130755901336669922e-01 -3.391514778137207031e+00
-2.695837497711181641e+00 -4.972062110900878906e+00
1.168918609619140625e+00 3.261637449264526367e+00
9.171360731124877930e-01 5.904770493507385254e-01
-4.826319962739944458e-02 -4.283419609069824219e+00
-2.996808528900146484e+00 -2.640258789062500000e+00
4.904015541076660156e+00 4.503039360046386719e+00
-2.421908855438232422e+00 -3.662335395812988281e+00
-1.978801965713500977e+00 -4.394958972930908203e+00
-2.782429456710815430e+00 6.127488017082214355e-01
8.180825114250183105e-01 -4.905134201049804688e+00
6.984225511550903320e-01 2.751371622085571289e+00
1.995981097221374512e+00 -6.881912350654602051e-01
1.220336794853210449e+00 -4.202934265136718750e+00
2.249587535858154297e+00 -3.336066722869873047e+00
8.025332689285278320e-01 4.560731887817382812e+00
-2.803272902965545654e-01 -2.719768285751342773e-01
1.033816218376159668e+00 3.116463124752044678e-01
2.457770705223083496e-01 4.726566314697265625e+00
1.007215380668640137e+00 -5.118880271911621094e+00
3.408651351928710938e+00 1.253690481185913086e+00
7.130990028381347656e-01 -1.541017174720764160e+00
1.323612928390502930e-01 -3.370246410369873047e+00
-1.668586015701293945e+00 -4.793307781219482422e+00
2.757662296295166016e+00 1.201231837272644043e+00
1.409357041120529175e-01 -4.222246170043945312e+00
3.488078594207763672e+00 4.953350126743316650e-01
4.224759578704833984e+00 3.809524059295654297e+00
-3.572547674179077148e+00 -3.144010543823242188e+00
3.524096012115478516e+00 1.443496227264404297e+00
2.482823878526687622e-01 -2.699606180191040039e+00
1.097901463508605957e+00 -4.375880241394042969e+00
-2.792900800704956055e+00 2.786445617675781250e-01
-1.198598891496658325e-01 -4.953766822814941406e+00
-1.926946640014648438e+00 2.681607723236083984e+00
4.835248947143554688e+00 4.319536685943603516e+00
1.471297264099121094e+00 1.878963351249694824e+00
-5.288740396499633789e-01 6.679461598396301270e-01
2.204931020736694336e+00 1.990101099014282227e+00
-1.819315910339355469e+00 3.877538681030273438e+00
-5.399555563926696777e-01 -9.458975195884704590e-01
3.748249709606170654e-01 4.835957050323486328e+00
4.927126407623291016e+00 4.812938213348388672e+00
-1.776029020547866821e-01 -1.038169026374816895e+00
-1.241261363029479980e+00 3.363323450088500977e+00
-3.435648083686828613e-01 -3.914000511169433594e+00
4.884212017059326172e+00 3.947844505310058594e+00
-2.521423101425170898e+00 -2.130006626248359680e-02
