-2.318408191204071045e-01 2.401505708694458008e+00
-1.360557675361633301e+00 -6.336348652839660645e-01
-2.686222076416015625e+00 -3.532573461532592773e+00
-1.728500604629516602e+00 -1.669184803962707520e+00
-4.620174765586853027e-01 -8.728941917419433594e+00
-1.035189986228942871e+00 2.937084197998046875e+00
-1.519745349884033203e+00 -1.201897025108337402e+00
-2.529713392257690430e+00 -4.197621822357177734e+00
4.105587959289550781e+00 -4.770465850830078125e+00
3.502475976943969727e+00 -3.026092529296875000e+00
1.730114072561264038e-01 -3.580196857452392578e+00
-2.489204406738281250e+00 -4.361773014068603516e+00
4.138833045959472656e+00 -1.127609491348266602e+00
-1.025907397270202637e+00 -3.674846172332763672e+00
6.145879030227661133e-01 3.212028741836547852e+00
-2.881160736083984375e+00 -5.913649797439575195e-01
7.156707644462585449e-01 -2.746173620223999023e+00
1.388378858566284180e+00 -8.713758468627929688e+00
-6.470199823379516602e-01 2.974459648132324219e+00
3.867689847946166992e+00 -1.348043322563171387e+00
5.608882308006286621e-01 -8.843453407287597656e+00
4.717230796813964844e-01 -9.664172172546386719e+00
-1.857793807983398438e+00 -6.591936945915222168e-01
2.121302336454391479e-01 -3.593850851058959961e+00
3.173954784870147705e-01 -2.888157606124877930e+00
-7.309567928314208984e-02 -3.928478240966796875e+00
4.235733985900878906e+00 -3.344444036483764648e+00
-2.822140455245971680e+00 -4.370022773742675781e+00
1.883671730756759644e-01 -3.061390638351440430e+00
-3.791335821151733398e-01 -5.943430423736572266e+00
3.489775896072387695e+00 -1.537116765975952148e+00
3.192972898483276367e+00 7.148665189743041992e-01
-9.748436212539672852e-01 -6.153237342834472656e+00
3.133531093597412109e+00 -1.969589591026306152e+00
2.398039400577545166e-01 3.271679401397705078e+00
-2.064569853246212006e-02 3.358237266540527344e+00
4.162441253662109375e+00 -2.720274925231933594e+00
-5.748230218887329102e-01 -4.040617465972900391e+00
-2.857045650482177734e+00 -6.094027757644653320e-01
8.798797726631164551e-01 2.825809478759765625e+00
1.675462961196899414e+00 2.081870883703231812e-01
3.237419366836547852e+00 -1.674582839012145996e+00
4.014567375183105469e+00 -4.719799041748046875e+00
-2.630281925201416016e+00 -2.916873931884765625e+00
1.061938881874084473e+00 -6.618418216705322266e+00
6.308069825172424316e-01 -9.707068443298339844e+00
3.627885580062866211e-01 -9.447285652160644531e+00
3.899396419525146484e+00 4.014082252979278564e-02
-8.828874826431274414e-01 2.636774301528930664e+00
-6.613925695419311523e-01 -1.205465316772460938e+00
-2.789332151412963867e+00 -8.264701366424560547e-01
-1.529042482376098633e+00 -6.515353679656982422e+00
7.021698951721191406e-01 -9.768754959106445312e+00
2.788323640823364258e+00 -2.365774631500244141e+00
-6.041891500353813171e-02 -3.679203748703002930e+00
1.388341933488845825e-01 -8.355132102966308594e+00
1.924215197563171387e+00 -5.539031505584716797e+00
3.442499935626983643e-01 -4.178411960601806641e+00
-1.405233740806579590e-01 2.725597620010375977e+00
4.980896949768066406e+00 -3.961554527282714844e+00
2.330347597599029541e-01 2.814607143402099609e+00
3.964958190917968750e+00 1.522254198789596558e-01
1.765349656343460083e-01 -9.236036300659179688e+00
3.286464214324951172e+00 -6.014670372009277344e+00
-8.606711030006408691e-01 -9.056848883628845215e-01
-3.572448015213012695e+00 -3.081134080886840820e+00
1.331328511238098145e+00 -8.618309974670410156e+00
1.285825014114379883e+00 -8.002448827028274536e-02
3.511604070663452148e+00 -1.511575579643249512e+00
1.141721129417419434e+00 -9.339798927307128906e+00
3.846229076385498047e+00 -2.095760583877563477e+00
8.196818828582763672e-01 -3.890026569366455078e+00
1.004530191421508789e+00 -8.499943733215332031e+00
4.545804977416992188e+00 -2.869679927825927734e+00
-6.635993123054504395e-01 3.342843532562255859e+00
-6.366831064224243164e-01 -3.819597363471984863e-01
-2.772234916687011719e+00 -4.643204689025878906e+00
-6.063127517700195312e-01 -3.161524534225463867e+00
-3.342297792434692383e+00 -3.327875852584838867e+00
3.849959373474121094e+00 -1.729079365730285645e+00
5.978142023086547852e-01 -8.935914993286132812e+00
1.834085345268249512e+00 -3.987389564514160156e+00
2.653187036514282227e+00 3.215962052345275879e-01
3.207223653793334961e+00 -1.769727587699890137e+00
1.842218041419982910e+00 -5.193785667419433594e+00
-3.417094469070434570e+00 -2.713077783584594727e+00
-3.429611206054687500e+00 -4.102606773376464844e+00
2.642266273498535156e+00 -2.195214748382568359e+00
8.453630805015563965e-01 6.397686600685119629e-01
3.393323898315429688e+00 9.273731708526611328e-02
-1.166876435279846191e+00 -1.059221148490905762e+00
-3.254620313644409180e+00 -2.526483058929443359e+00
-2.059966564178466797e+00 -4.035216271877288818e-01
2.408956527709960938e+00 -4.683382987976074219e+00
3.708603143692016602e+00 -2.334247589111328125e+00
-1.431225180625915527e+00 -6.195799827575683594e+00
1.041054487228393555e+00 -7.767721176147460938e+00
-2.165886163711547852e+00 -8.016515970230102539e-01
-7.778037786483764648e-01 -3.779453992843627930e+00
-2.936176657676696777e-01 -4.281449794769287109e+00
-1.692051291465759277e+00 -5.835931301116943359e+00
1.476829171180725098e+00 6.196536421775817871e-01
-1.307308554649353027e+00 -6.480516910552978516e+00
3.304171323776245117e+00 -2.221888601779937744e-01
3.790884256362915039e+00 -3.971053361892700195e+00
-1.191363811492919922e+00 -5.921741008758544922e+00
1.624840259552001953e+00 7.283984422683715820e-01
-2.168477535247802734e+00 -3.197157144546508789e+00
-2.398428201675415039e+00 -1.259427905082702637e+00
-3.323801994323730469e+00 -2.994900465011596680e+00
-8.897355198860168457e-02 -6.304983139038085938e+00
5.431304574012756348e-01 2.591952085494995117e+00
3.537311553955078125e+00 -1.113419294357299805e+00
-1.059617877006530762e+00 -6.250149250030517578e+00
4.742838382720947266e+00 -4.456874370574951172e+00
-2.270988225936889648e+00 -2.670120000839233398e-01
-2.669727087020874023e+00 -2.807824850082397461e+00
-5.350192189216613770e-01 3.302508115768432617e+00
-3.035687446594238281e+00 -3.066140651702880859e+00
2.316512823104858398e+00 5.144708156585693359e-01
-7.689830064773559570e-01 2.643105745315551758e+00
1.917227745056152344e+00 -2.155757099390029907e-01
-2.832762241363525391e+00 -3.688519954681396484e+00
3.314438581466674805e+00 -1.029684543609619141e+00
7.600189447402954102e-01 -9.533631324768066406e+00
-5.718591809272766113e-01 -9.141193628311157227e-01
-2.879938840866088867e+00 -4.083907127380371094e+00
2.336179018020629883e+00 -5.943190097808837891e+00
-2.514314055442810059e-01 3.313523769378662109e+00
1.016289472579956055e+00 -3.628208160400390625e+00
-1.634574770927429199e+00 -8.034854531288146973e-01
-1.966493964195251465e+00 -3.778824567794799805e+00
2.165664911270141602e+00 -6.560061454772949219e+00
-1.453111767768859863e-01 -8.396100997924804688e+00
1.458419263362884521e-01 3.450742959976196289e+00
3.984248638153076172e+00 -1.503392100334167480e+00
6.991348266601562500e-01 3.086630344390869141e+00
4.554391384124755859e+00 -4.632743835449218750e+00
4.250047504901885986e-01 2.839946985244750977e+00
2.937651395797729492e+00 6.214921474456787109e-01
-1.477299451828002930e+00 -1.107357859611511230e+00
-3.292866230010986328e+00 -1.705422878265380859e+00
-3.313259840011596680e+00 -3.010262250900268555e+00
-2.173391342163085938e+00 1.137862130999565125e-01
2.057511329650878906e+00 -5.316003799438476562e+00
-3.031261861324310303e-01 -2.790160417556762695e+00
4.372125625610351562e+00 -4.213825702667236328e+00
-2.571606874465942383e+00 -3.861773252487182617e+00
2.049954175949096680e+00 -5.329243183135986328e+00
-1.513680100440979004e+00 -8.751887679100036621e-01
-2.738758802413940430e+00 -4.190539360046386719e+00
-1.539652228355407715e+00 -6.111056327819824219e+00
2.069152593612670898e+00 4.463137686252593994e-01
-4.627341628074645996e-01 -6.383128166198730469e+00
-9.563667327165603638e-02 -2.981717586517333984e+00
1.073978021740913391e-01 2.899112939834594727e+00
3.922374486923217773e+00 -2.767253667116165161e-02
-1.709054827690124512e+00 -1.396046131849288940e-01
2.547493219375610352e+00 -5.984622955322265625e+00
3.745444536209106445e+00 4.430418312549591064e-01
3.577135801315307617e+00 -2.321634531021118164e+00
-2.152859866619110107e-01 -5.813843727111816406e+00
1.624558269977569580e-01 3.447025537490844727e+00
-4.504981040954589844e-01 -3.584032297134399414e+00
2.790985107421875000e-01 -8.908891677856445312e+00
-9.704167842864990234e-01 -6.089217185974121094e+00
2.819187402725219727e+00 -1.152354955673217773e+00
2.558130502700805664e+00 8.237568736076354980e-01
7.225129008293151855e-01 -9.883243560791015625e+00
1.034944057464599609e+00 -7.534646987915039062e+00
2.030261278152465820e+00 8.602635264396667480e-01
3.401186704635620117e+00 -1.589863300323486328e+00
2.604567289352416992e+00 -2.174372911453247070e+00
-2.426870584487915039e+00 -4.912280559539794922e+00
-1.418136000633239746e+00 -6.477396965026855469e+00
-1.979626297950744629e+00 -5.763942241668701172e+00
2.282370179891586304e-01 -3.367777585983276367e+00
4.622218608856201172e+00 -3.414567708969116211e+00
7.285726666450500488e-01 -7.983987331390380859e+00
-6.482145786285400391e-01 -3.677594661712646484e+00
-3.360254526138305664e+00 -3.906650304794311523e+00
1.949283361434936523e+00 -4.806529521942138672e+00
2.195018291473388672e+00 7.969988584518432617e-01
-2.685720026493072510e-01 2.542186737060546875e+00
4.884191989898681641e+00 -4.314484119415283203e+00
2.566256284713745117e+00 8.937436342239379883e-01
-1.480664968490600586e+00 -2.501716613769531250e-01
3.589987754821777344e-01 3.421157598495483398e+00
-2.019946098327636719e+00 -7.325373888015747070e-01
2.179016113281250000e+00 -6.146949291229248047e+00
4.053460121154785156e+00 -1.222843289375305176e+00
1.990900754928588867e+00 -6.061326503753662109e+00
-2.469068914651870728e-01 -8.306228637695312500e+00
1.312582015991210938e+00 -8.134645462036132812e+00
8.119526505470275879e-01 -8.699687957763671875e+00
-4.786238670349121094e-01 -6.063012599945068359e+00
-2.730747699737548828e+00 -3.852138280868530273e+00
-2.363759517669677734e+00 -6.369715929031372070e-01
2.632509469985961914e+00 -6.515006065368652344e+00
2.903278544545173645e-02 -9.395886421203613281e+00
-9.261934161186218262e-01 -6.182407855987548828e+00
-2.699815988540649414e+00 -3.311479568481445312e+00
1.265550255775451660e+00 -8.910089492797851562e+00
4.489713668823242188e+00 -3.818825721740722656e+00
-9.398760199546813965e-01 -1.068015217781066895e+00
-1.533903121948242188e+00 -6.412193179130554199e-01
8.274581432342529297e-01 -9.415658950805664062e+00
9.089202880859375000e-01 -2.473788022994995117e+00
5.102692842483520508e-01 2.826612472534179688e+00
4.835807800292968750e+00 -3.655233383178710938e+00
3.145983695983886719e+00 -2.306555509567260742e+00
3.071386575698852539e+00 7.561517953872680664e-01
3.951434612274169922e+00 -4.722826004028320312e+00
-5.332555174827575684e-01 2.409983873367309570e+00
1.754830777645111084e-01 -3.770184040069580078e+00
-1.316363550722599030e-02 -2.544021368026733398e+00
9.995632618665695190e-02 2.503667354583740234e+00
-2.282127857208251953e+00 -3.352586269378662109e+00
3.696486651897430420e-01 -9.652530670166015625e+00
6.941494941711425781e-01 3.258983850479125977e+00
3.797467947006225586e+00 -3.691182851791381836e+00
2.088590145111083984e+00 -6.040059566497802734e+00
-2.823710739612579346e-01 -8.573726654052734375e+00
2.354500770568847656e+00 -5.405616283416748047e+00
-3.096970357000827789e-02 2.668318033218383789e+00
3.111858844757080078e+00 -1.534772038459777832e+00
-8.643467426300048828e-01 2.514730930328369141e+00
-9.220339059829711914e-01 -5.652443885803222656e+00
-3.015177249908447266e-01 2.973610162734985352e+00
1.947030782699584961e+00 -6.256368637084960938e+00
-5.115638375282287598e-01 3.035019636154174805e+00
2.809215784072875977e+00 -1.319702863693237305e+00
2.843338727951049805e+00 8.497219681739807129e-01
2.671447038650512695e+00 -1.983013629913330078e+00
-2.815395355224609375e+00 -3.899276018142700195e+00
7.284234166145324707e-01 -8.404377937316894531e+00
9.077059030532836914e-01 -4.338497161865234375e+00
2.892225742340087891e+00 -1.655557513236999512e+00
2.627853393554687500e+00 7.344717979431152344e-01
-2.206273555755615234e+00 -1.478215694427490234e+00
3.125126600265502930e+00 -2.149531364440917969e+00
8.303648233413696289e-01 -7.896290302276611328e+00
8.951199054718017578e-01 -8.165346145629882812e+00
2.091331183910369873e-01 3.051083564758300781e+00
-1.602007821202278137e-02 -2.115833997726440430e+00
-8.978964686393737793e-01 3.018393516540527344e+00
4.112333774566650391e+00 -3.103624343872070312e+00
9.990845322608947754e-01 -9.810505062341690063e-02
-1.075453162193298340e+00 2.984575510025024414e+00
5.761025547981262207e-01 3.266815900802612305e+00
1.170512795448303223e+00 -8.580836296081542969e+00
4.773180007934570312e+00 -4.034718990325927734e+00
3.347535133361816406e+00 -2.264135360717773438e+00
3.501585006713867188e+00 8.598345518112182617e-01
-3.386910200119018555e+00 -2.990430355072021484e+00
5.001947283744812012e-01 -4.321494102478027344e+00
3.862646818161010742e+00 -2.216693401336669922e+00
2.137955427169799805e+00 7.145298719406127930e-01
8.582694530487060547e-01 -9.223396301269531250e+00
3.056095838546752930e+00 6.041260957717895508e-01
3.475198507308959961e+00 3.850713372230529785e-01
-6.747934222221374512e-01 3.146273374557495117e+00
4.299931526184082031e+00 -3.609575033187866211e+00
-3.336040258407592773e+00 -1.664854049682617188e+00
-4.650923013687133789e-01 -4.416134834289550781e+00
4.061976909637451172e+00 -3.981208086013793945e+00
4.057176113128662109e+00 -5.097369194030761719e+00
-1.122433304786682129e+00 -1.421788692474365234e+00
4.206150174140930176e-01 -2.552793979644775391e+00
3.789252340793609619e-01 -4.393497467041015625e+00
-1.027754902839660645e+00 -3.378387987613677979e-01
4.793052196502685547e+00 -4.058429718017578125e+00
-1.632514476776123047e+00 -6.532319068908691406e+00
-4.446218311786651611e-01 -3.016763210296630859e+00
3.479845046997070312e+00 -2.499109506607055664e+00
-9.873988628387451172e-01 -5.478264331817626953e+00
-2.174803763628005981e-01 -5.926846027374267578e+00
3.794439554214477539e+00 -1.698680281639099121e+00
-1.142982482910156250e+00 -6.149439811706542969e+00
6.134208440780639648e-01 -8.570293426513671875e+00
2.122737884521484375e+00 -2.327680438756942749e-01
-1.733047723770141602e+00 -6.117652893066406250e+00
9.931437969207763672e-01 -3.250977516174316406e+00
4.353724479675292969e+00 -3.556844949722290039e+00
-4.788528680801391602e-01 3.188510894775390625e+00
3.846009969711303711e+00 -1.654802918434143066e+00
2.051002502441406250e+00 -5.264657497406005859e+00
1.116219043731689453e+00 -9.374557495117187500e+00
-3.307600975036621094e+00 -3.897183656692504883e+00
-2.149916410446166992e+00 -3.262966156005859375e+00
-2.710670471191406250e+00 -4.008749485015869141e+00
2.055880784988403320e+00 -5.606453895568847656e+00
4.998903572559356689e-01 -2.951485395431518555e+00
-1.308917880058288574e+00 -7.924017310142517090e-01
3.312769234180450439e-01 -9.150021553039550781e+00
6.714131236076354980e-01 -3.961261749267578125e+00
1.769398808479309082e+00 -6.008530139923095703e+00
3.336503982543945312e+00 -1.965814709663391113e+00
4.255093634128570557e-01 -9.408316612243652344e+00
-1.860445365309715271e-02 3.437452793121337891e+00
